103
103
15
0
42
106
98
39
108
43
120
118
142
131
57
144
56
141
110
51
107
51
141
131
134
128
51
130
54
136
108
48
111
45
123
126
101
24
0
145
106
115
51
126
47
118
99
38
109
49
136
127
137
129
56
142
55
139
108
49
105
43
120
123
137
128
53
133
49
122
107
49
25
0
152
134
100
46
127
120
118
117
43
107
56
139
107
43
111
50
139
129
138
130
57
144
52
132
108
49
108
49
136
128
124
126
54
137
0
149
112
45
51
126
101
24
99
39
106
115
134
126
48
120
53
134
106
48
110
51
141
129
126
125
57
143
50
127
104
45
106
51
141
129
144
131
48
122
133
122
25
0
43
108
101
48
104
43
121
118
143
129
52
131
56
141
110
51
108
52
146
131
138
129
52
132
53
134
109
49
110
43
120
125
104
24
0
144
108
117
53
133
48
121
100
39
107
47
131
125
135
127
54
136
57
143
109
48
107
47
130
127
136
128
53
135
49
123
107
49
25
0
153
133
101
48
131
122
120
117
42
107
54
137
107
43
107
48
133
127
138
129
55
138
51
130
107
50
106
46
129
125
126
127
52
131
0
141
110
45
53
131
103
24
98
39
107
117
136
126
47
117
54
137
107
49
108
49
137
127
130
127
54
137
52
132
106
47
107
51
141
129
149
132
48
120
128
121
25
0
42
105
99
47
105
43
119
116
132
125
53
133
56
141
108
47
105
50
140
129
134
126
49
125
54
137
107
48
111
44
123
125
103
24
0
150
108
117
52
131
47
118
99
39
108
51
143
128
134
127
53
135
57
142
108
48
106
44
124
125
139
128
52
133
49
123
106
50
25
0
148
132
100
49
134
122
118
117
43
107
54
137
106
43
108
48
135
127
135
128
56
140
50
126
104
48
107
47
130
125
126
126
54
137
0
143
110
46
52
131
102
23
98
38
106
115
135
126
47
118
55
139
107
48
107
48
135
126
131
126
53
135
51
130
106
47
107
49
136
127
142
131
49
124
133
122
25
0
43
108
100
48
105
43
120
117
134
126
53
135
52
131
105
48
107
51
141
128
131
125
52
132
55
138
107
47
109
44
121
125
102
23
0
142
109
117
52
129
46
116
98
39
109
50
139
128
133
126
55
139
53
134
107
48
107
47
131
126
136
127
54
136
51
129
108
49
25
0
146
132
101
48
131
122
120
117
43
109
54
136
107
43
108
49
138
129
139
129
55
138
48
121
104
50
107
46
128
123
121
125
53
135
0
139
109
44
53
131
102
24
99
39
109
117
137
126
47
118
55
138
107
49
107
48
135
128
132
127
54
136
52
132
107
47
107
48
133
126
147
132
50
125
135
123
25
0
43
108
101
49
104
43
118
117
133
126
49
124
54
137
107
48
106
49
137
129
134
127
50
127
56
141
109
48
111
44
123
126
102
24
0
147
108
117
51
127
47
119
99
39
109
50
138
128
136
128
56
142
58
147
110
49
106
45
126
126
139
129
52
132
49
124
108
50
25
0
146
132
101
46
127
121
121
119
43
108
54
137
106
44
108
51
142
129
138
129
52
133
50
125
106
50
108
47
131
125
129
128
55
138
0
141
111
47
53
133
103
24
100
39
109
118
132
126
48
120
54
137
107
47
109
50
139
129
127
126
56
142
53
133
106
46
105
48
135
128
146
132
49
123
129
121
25
0
42
107
100
47
106
42
116
116
140
129
54
137
56
141
109
50
103
48
133
127
131
125
48
122
55
138
107
47
109
42
117
122
103
23
0
143
108
117
52
130
46
115
97
39
107
47
129
123
140
130
55
139
54
137
107
50
106
47
130
125
134
126
52
132
51
127
107
48
25
0
141
130
101
49
134
123
119
117
43
110
54
137
106
43
107
51
144
130
141
129
53
133
50
127
106
51
109
49
137
127
124
126
55
140
0
148
111
45
51
126
102
24
98
39
109
117
132
125
46
116
55
138
107
48
108
50
139
129
123
124
54
137
51
129
105
44
104
50
139
128
150
132
46
115
129
121
25
0
43
107
101
47
107
44
123
119
142
129
54
137
55
139
109
51
105
51
141
130
135
126
49
125
56
141
109
48
110
45
124
127
103
23
0
143
108
117
52
130
47
119
99
39
105
49
136
127
137
127
52
132
57
144
109
49
106
46
129
127
141
129
53
134
48
121
106
50
25
0
143
130
101
47
129
121
119
117
43
110
53
133
104
43
108
50
139
128
140
129
55
139
49
124
105
50
106
49
137
127
126
127
52
132
0
143
110
45
52
130
103
23
99
39
108
117
135
126
47
119
56
141
108
48
108
49
136
128
128
125
55
139
53
133
107
46
104
49
136
128
143
130
46
115
125
119
25
0
43
108
100
46
105
43
119
117
139
128
53
134
50
126
105
50
106
50
140
127
134
124
50
125
54
137
107
48
110
44
121
124
104
24
0
145
110
119
54
135
48
119
100
40
109
49
138
127
135
128
54
138
55
138
108
48
107
46
129
126
133
127
55
138
48
120
105
48
25
0
145
132
101
47
130
122
121
118
43
109
54
136
107
44
109
49
138
128
141
130
54
138
49
124
105
50
107
48
134
127
118
123
54
137
0
144
109
43
52
131
103
24
98
39
109
117
139
128
47
118
56
142
108
50
107
48
134
128
129
127
55
138
54
137
107
46
106
49
136
127
141
129
47
119
125
119
25
0
42
106
99
46
106
44
123
119
131
126
54
137
54
137
107
47
105
49
138
128
131
125
48
123
56
140
107
47
109
44
122
125
104
24
0
140
105
116
55
137
48
119
99
38
109
48
135
126
139
130
57
143
55
138
109
49
105
45
125
124
141
129
52
131
48
121
106
51
25
0
141
130
99
45
122
118
117
116
42
105
54
137
106
43
107
49
135
127
147
131
55
139
52
131
109
53
107
47
133
127
118
123
54
137
0
140
109
43
52
129
103
24
99
39
109
117
133
125
48
119
55
139
107
48
110
50
140
130
125
126
57
143
54
137
107
45
107
51
141
130
145
131
48
122
128
121
25
0
43
108
100
47
106
44
121
118
138
128
53
134
56
142
109
49
106
50
140
130
132
127
51
129
56
141
109
47
110
45
124
127
103
23
0
145
108
117
53
131
47
119
99
39
108
50
139
127
136
128
56
141
55
139
108
49
104
44
123
123
135
126
50
127
49
124
107
48
25
0
142
130
100
46
127
120
121
118
42
106
51
130
106
44
109
47
131
125
134
128
56
141
50
127
105
48
107
46
129
125
119
123
54
136
0
143
109
43
51
127
101
23
99
39
108
116
139
127
48
119
53
133
107
50
107
48
134
125
132
126
54
136
52
133
107
47
105
49
137
127
149
131
47
117
133
122
25
0
42
107
100
49
105
43
121
118
136
127
54
135
53
133
105
49
105
51
141
129
134
125
50
125
52
133
107
48
109
45
124
125
103
24
0
142
106
116
53
131
48
120
99
38
107
51
140
128
138
130
55
138
53
135
107
49
105
45
126
124
140
128
52
132
49
123
107
50
25
0
145
131
100
48
131
122
121
118
42
107
52
132
105
44
107
50
139
128
137
127
53
134
51
129
106
49
106
47
133
126
122
125
54
136
0
145
111
44
54
135
104
23
99
39
107
117
138
127
47
119
55
138
108
50
108
49
136
127
120
123
55
138
51
127
104
43
107
50
140
128
141
131
50
126
132
122
25
0
43
109
101
48
107
44
121
118
133
126
54
137
54
136
107
47
106
50
139
129
133
126
50
126
55
139
107
48
110
45
125
127
102
24
0
145
107
116
51
128
47
118
99
39
107
49
136
126
136
128
53
135
58
147
110
49
104
46
129
128
139
129
51
129
49
123
107
50
25
0
141
131
101
48
132
122
118
117
43
109
52
131
105
43
109
51
143
129
146
132
56
141
51
128
107
52
106
46
128
125
128
127
53
133
0
145
111
46
53
133
104
24
99
39
108
117
136
127
47
118
54
137
107
49
108
49
136
127
131
127
54
137
53
135
107
47
105
49
137
129
140
129
47
119
136
123
25
0
43
109
102
49
107
43
120
118
139
129
54
137
54
137
108
50
107
51
142
130
129
125
52
133
55
139
107
46
112
46
127
128
101
24
0
148
107
116
51
127
47
119
99
39
107
48
134
125
142
129
54
136
54
137
109
51
106
46
129
126
135
127
52
132
50
126
107
48
25
0
142
131
101
48
132
122
120
118
43
109
54
137
107
43
108
48
135
128
142
131
56
142
49
125
106
51
107
48
134
127
121
124
52
131
0
147
110
43
54
133
104
24
99
39
108
117
136
127
48
120
55
138
109
49
110
51
144
131
130
127
56
142
53
133
107
47
106
49
137
128
147
132
48
119
127
120
25
0
44
110
101
47
108
44
122
119
135
127
54
137
56
141
108
48
106
51
142
130
130
126
50
127
55
139
108
47
110
44
121
125
102
23
0
146
107
116
51
128
47
118
98
39
107
49
135
125
144
130
55
139
54
137
108
52
106
47
130
126
133
127
53
135
48
121
106
47
25
0
148
131
101
48
132
122
119
117
43
110
52
131
104
43
108
50
140
128
143
130
56
140
50
127
106
51
108
46
129
125
118
124
55
139
0
145
111
43
54
134
104
23
98
39
107
117
138
127
47
118
56
140
108
49
106
48
133
126
131
127
54
137
52
131
105
47
107
48
135
127
142
131
50
125
130
121
25
0
43
109
100
47
106
43
121
119
138
128
54
135
52
131
107
50
105
51
141
129
133
126
49
124
56
140
108
48
110
44
121
125
101
24
0
144
107
115
50
125
48
121
99
39
107
48
135
126
138
129
56
142
56
141
107
49
107
45
127
126
137
129
54
136
49
124
107
49
25
0
144
131
101
48
132
122
119
117
43
108
53
134
105
43
107
51
141
129
141
129
54
136
51
128
106
51
107
49
138
128
120
123
53
135
0
145
111
43
54
134
104
24
99
39
108
117
141
128
48
120
55
138
108
51
108
50
140
130
127
126
53
135
53
133
107
46
107
46
129
125
150
133
49
125
125
119
25
0
43
108
99
46
107
44
122
118
138
127
55
139
54
136
107
49
106
51
141
129
130
125
51
128
55
138
107
46
112
44
122
126
102
24
0
150
107
116
52
129
48
121
100
39
107
49
137
127
144
131
54
137
55
138
108
51
107
45
127
126
137
128
54
135
48
121
106
49
25
0
142
131
100
47
128
120
118
116
43
109
55
137
107
43
109
51
142
129
144
131
56
141
50
126
106
52
109
48
135
126
123
125
54
136
0
149
111
44
52
131
103
24
100
40
110
118
140
128
49
122
56
142
108
50
109
51
141
130
131
127
55
138
50
125
105
47
104
49
137
127
145
131
46
115
132
122
25
0
42
106
100
48
105
42
116
115
140
129
53
134
55
138
108
50
106
50
140
129
131
125
51
128
53
134
106
47
111
44
122
125
104
24
0
146
107
116
53
133
47
117
98
39
108
49
137
126
139
129
56
141
57
143
109
50
104
43
120
122
133
126
51
130
49
122
106
48
25
0
136
128
100
46
126
119
115
115
42
107
54
136
106
42
108
50
140
128
144
131
55
137
50
126
106
52
108
51
142
129
121
124
53
134
0
141
110
43
52
131
103
24
99
39
108
117
138
127
47
118
54
137
108
49
107
48
134
127
128
126
53
133
52
132
106
46
108
49
136
128
144
131
49
124
130
122
25
0
43
109
101
47
107
43
119
117
141
129
53
135
54
136
108
51
107
51
142
131
134
126
51
129
54
135
107
48
111
45
125
126
104
24
0
142
108
117
53
132
47
119
99
39
109
48
133
126
138
129
57
144
56
141
109
49
108
48
135
128
136
127
55
138
50
126
107
49
25
0
141
131
101
48
133
122
117
116
43
109
55
138
107
42
107
51
141
129
141
129
53
134
51
128
106
51
110
50
139
129
126
128
57
143
0
141
110
45
53
133
104
24
99
40
110
118
140
127
47
117
56
141
109
51
110
51
143
131
128
126
57
144
51
129
106
46
104
49
136
127
144
131
46
115
129
121
26
0
42
107
100
47
107
42
115
115
143
130
55
139
53
135
108
51
104
51
143
131
132
126
48
121
56
140
108
47
113
44
123
126
103
23
0
152
107
117
53
132
46
116
98
39
108
51
141
128
133
126
54
138
57
143
108
47
106
44
123
124
135
127
53
134
49
123
106
49
25
0
143
131
101
49
136
123
119
117
42
106
52
132
104
43
107
50
140
129
141
129
53
135
47
118
103
51
109
48
135
125
131
129
56
141
0
143
111
47
51
126
101
24
98
39
107
116
141
128
46
115
57
143
110
51
111
51
142
129
128
126
57
145
54
136
108
46
106
51
141
130
149
132
47
119
126
120
25
0
43
108
100
46
108
44
121
118
141
130
55
139
55
139
109
50
108
51
142
131
133
128
52
131
54
135
107
48
110
44
121
125
101
24
0
146
108
116
49
123
48
121
100
39
109
50
140
128
141
131
55
139
57
143
110
51
108
46
128
127
137
128
55
138
50
125
108
49
26
0
146
132
102
48
131
122
119
118
43
109
54
136
107
43
106
51
143
130
139
128
52
132
51
130
107
50
109
51
141
129
123
127
55
138
0
147
111
45
52
129
103
24
99
39
108
117
134
125
47
118
57
143
109
48
107
48
135
128
127
126
55
138
52
132
106
46
108
47
130
125
144
132
51
127
130
121
25
0
43
107
100
47
105
43
119
117
142
129
54
137
56
141
109
51
106
52
146
131
134
127
48
123
55
140
108
48
111
46
129
128
101
24
0
148
108
116
51
127
47
118
99
39
107
50
138
127
140
129
55
139
55
139
108
50
106
45
126
125
142
130
53
134
47
117
105
51
25
0
140
129
101
47
130
121
119
117
43
108
55
139
107
43
109
49
138
128
132
126
56
140
50
125
105
47
107
49
135
127
128
128
53
135
0
144
111
46
53
133
103
23
98
39
108
117
136
126
47
117
55
139
108
49
109
50
141
130
116
119
56
141
52
131
104
42
106
49
137
128
148
131
48
121
132
122
25
0
43
107
100
48
107
43
118
117
135
128
55
138
54
137
107
48
104
48
135
128
138
128
49
125
52
131
107
50
110
44
122
124
104
24
0
140
110
118
54
135
47
119
100
40
109
49
136
127
137
128
56
140
58
145
110
49
107
44
124
124
137
128
54
136
48
121
106
49
25
0
144
131
101
47
129
121
119
117
44
110
53
134
105
43
107
47
132
126
141
131
54
137
51
129
107
51
108
48
133
128
131
129
54
136
0
154
114
47
54
135
104
23
99
40
110
118
131
124
46
117
57
144
108
47
106
48
133
127
125
124
53
135
52
130
105
45
106
50
139
128
141
130
48
119
123
119
25
0
43
108
100
45
106
42
117
116
143
129
53
135
54
137
108
51
106
51
143
130
130
124
51
128
55
139
107
47
111
45
124
126
104
24
0
144
107
117
53
133
47
118
99
39
108
48
134
125
140
130
56
142
55
138
109
50
106
47
131
127
142
130
51
130
48
121
107
51
25
0
146
130
100
47
130
121
119
117
43
109
55
138
106
43
107
51
141
129
145
130
53
133
49
125
106
52
105
46
129
124
121
124
52
131
0
141
110
43
51
127
101
23
99
39
108
116
142
128
47
119
54
137
108
51
107
48
133
127
124
123
55
139
52
132
105
45
106
49
136
128
147
132
48
121
133
123
25
0
42
106
100
48
107
42
117
116
142
129
54
135
54
137
109
51
107
51
143
130
134
126
51
130
57
143
109
48
110
44
122
127
101
23
0
145
107
116
51
126
48
120
99
39
107
49
135
127
136
128
56
141
54
137
107
48
104
45
125
125
138
127
51
130
48
120
106
50
25
0
147
131
101
48
131
121
117
117
43
109
55
138
107
43
109
48
134
127
145
131
56
141
51
129
107
52
108
47
131
126
123
125
55
138
0
147
111
45
55
136
105
24
99
39
109
118
144
129
47
118
53
133
107
52
108
50
138
128
133
127
54
137
52
131
106
48
106
49
137
127
153
133
47
118
135
123
26
0
43
109
101
49
107
43
119
117
142
129
55
138
55
140
108
51
106
47
131
126
133
128
51
130
53
134
107
48
112
43
121
125
104
24
0
151
107
117
54
134
47
118
99
39
107
49
135
126
132
126
54
137
55
138
107
47
106
46
129
127
136
128
53
134
50
125
107
49
25
0
146
132
101
48
131
122
119
117
43
108
52
133
106
43
108
50
139
128
142
129
54
137
51
128
106
51
106
47
131
126
123
126
53
133
0
142
110
45
52
129
102
24
100
39
107
116
140
128
49
122
55
139
109
50
110
50
140
129
130
126
57
144
54
137
107
47
106
48
133
126
142
131
49
123
135
123
25
0
43
108
101
49
106
43
118
117
140
129
54
136
59
148
111
50
107
51
142
131
133
127
51
130
54
137
107
48
109
45
124
126
102
24
0
141
109
117
52
129
47
118
99
39
109
49
137
126
134
128
57
143
56
140
108
48
102
44
123
124
138
127
48
121
47
118
106
49
25
0
148
132
101
48
131
122
117
117
43
108
55
139
107
43
108
51
143
130
142
129
54
136
50
126
106
51
107
47
130
126
115
121
53
134
0
141
109
42
54
135
104
24
99
40
110
118
135
126
47
118
56
142
108
49
110
49
137
129
128
126
56
141
55
138
107
46
107
50
139
129
149
133
49
123
134
123
25
0
42
106
101
49
108
43
118
117
138
130
56
140
54
136
108
49
107
52
145
131
138
128
51
128
56
140
109
50
111
44
122
126
104
24
0
148
107
116
54
134
48
120
99
39
107
50
138
128
139
127
54
135
53
133
107
50
106
46
127
125
142
129
52
131
46
116
105
51
25
0
140
129
101
47
129
121
117
117
43
109
55
139
107
43
109
50
140
129
150
132
54
137
49
124
107
54
108
47
132
126
127
127
55
138
0
142
111
46
54
135
105
24
98
39
109
118
137
127
46
115
56
142
109
49
109
50
140
130
126
125
54
136
50
125
104
45
108
49
135
127
140
130
50
125
129
121
25
0
43
107
101
47
107
43
119
118
140
130
55
138
55
138
108
50
107
50
139
130
137
127
51
130
55
138
108
49
111
44
123
126
103
24
0
148
108
117
53
131
47
119
100
39
108
46
129
124
134
128
58
146
54
137
107
48
107
45
125
124
141
130
53
134
49
125
108
51
26
0
148
132
101
47
129
121
116
116
43
108
56
139
107
42
108
49
138
129
138
129
55
139
51
128
106
50
