122
145
160
159
118
119
119
123
119
119
118
119
118
119
118
119
118
119
119
118
118
119
119
119
118
119
119
119
118
119
119
118
117
119
118
119
118
119
119
118
118
119
119
119
118
118
119
119
118
119
119
119
118
119
119
119
118
119
119
119
119
119
118
117
118
118
117
118
118
119
118
118
118
118
118
119
118
118
118
118
118
118
118
119
118
119
118
117
117
118
118
118
118
118
118
118
118
118
117
117
117
118
118
117
118
117
118
118
118
119
118
118
117
117
117
118
118
117
118
117
118
118
117
118
117
118
117
118
117
118
118
118
118
117
118
118
118
117
117
118
117
117
118
118
117
117
118
119
117
118
118
117
117
117
117
118
117
118
118
117
118
118
117
117
117
117
118
119
117
118
117
117
117
117
117
117
117
117
118
117
117
117
117
118
117
117
117
117
117
118
117
117
117
117
117
117
117
117
117
118
117
117
117
118
117
117
117
117
118
117
117
117
117
117
117
117
117
118
117
117
117
117
117
117
117
117
117
117
117
117
117
117
117
117
118
117
117
117
117
117
117
117
117
117
117
117
117
117
117
117
117
117
117
117
117
117
106
116
117
117
0
0
0
21
0
0
0
0
0
0
0
0
55
53
46
13
58
55
53
51
53
55
61
56
53
60
58
51
59
53
56
55
55
53
60
57
56
55
58
56
53
55
57
52
54
48
55
53
60
59
58
49
56
55
54
53
56
53
55
55
60
57
57
53
55
56
53
50
56
58
60
55
58
55
59
56
49
57
55
53
54
54
60
55
53
53
51
48
53
57
56
58
57
53
54
55
63
59
55
58
60
60
58
56
55
55
64
61
61
58
59
55
59
59
62
61
61
59
64
61
65
64
62
59
67
61
65
64
59
61
67
65
59
68
64
59
64
59
62
60
61
57
58
61
63
61
67
57
61
60
64
61
64
61
60
64
63
60
64
71
59
61
67
62
62
61
64
61
62
63
63
55
65
64
62
64
69
65
65
66
63
61
67
65
69
66
64
64
67
63
61
69
67
63
67
64
63
59
62
61
63
58
60
63
64
61
60
61
63
67
67
63
73
63
64
61
64
64
64
64
65
65
62
64
63
58
61
64
67
69
64
62
64
69
69
67
74
66
64
61
64
65
63
67
64
59
64
64
69
68
67
65
65
69
71
67
66
72
72
64
69
73
70
69
9
63
70
67
0
0
4
7
0
0
0
0
37
0
0
0
64
67
66
59
69
70
69
65
67
66
70
73
71
67
76
72
74
73
70
71
74
71
70
74
72
73
74
75
74
73
74
75
71
72
70
73
77
78
79
76
79
77
78
75
77
77
78
77
76
82
81
79
80
77
80
75
82
79
83
83
80
82
82
83
83
76
83
80
78
80
81
83
85
80
81
77
82
79
85
83
85
83
81
81
83
88
87
81
87
85
87
82
83
80
82
87
87
85
85
85
88
84
85
87
85
87
87
88
90
89
90
87
90
89
87
88
87
85
88
91
88
85
92
88
88
89
87
87
87
87
85
85
88
88
90
91
92
87
87
88
96
91
91
88
91
91
90
90
92
87
91
93
87
91
92
91
93
91
92
92
96
92
94
91
96
97
95
93
96
91
92
96
98
96
96
93
96
96
96
92
95
96
96
96
96
93
93
93
96
94
92
92
96
93
96
93
96
95
101
97
98
102
97
96
98
96
99
97
98
98
99
95
98
97
95
95
103
101
103
98
98
99
103
103
103
106
102
99
101
99
102
98
101
99
97
99
104
103
103
101
101
101
106
105
105
102
108
106
106
103
108
105
62
61
102
105
48
48
51
58
50
49
51
48
98
80
48
51
103
101
104
102
110
105
106
104
108
104
105
105
108
107
106
109
111
109
111
107
112
109
110
107
112
109
111
109
112
110
111
111
115
109
111
108
112
113
115
115
115
115
115
114
117
114
115
114
115
113
119
117
121
118
117
117
121
119
119
119
119
117
120
119
123
120
117
121
118
117
119
119
122
122
119
119
121
121
119
122
122
123
122
121
123
122
126
124
126
124
124
123
124
121
122
121
127
125
125
123
128
125
124
124
126
125
126
123
128
128
128
127
130
129
129
126
127
125
125
127
128
125
125
131
124
128
128
125
131
125
127
125
128
128
128
128
127
130
128
127
130
133
131
129
133
129
130
128
130
128
128
129
131
125
129
129
130
131
130
131
133
133
133
132
135
133
135
132
133
133
133
130
131
135
135
135
135
133
136
133
133
133
135
133
133
134
133
131
133
133
133
131
135
135
134
133
134
134
133
137
135
136
139
133
133
134
135
136
133
135
136
136
135
135
135
132
140
138
138
139
136
136
137
139
135
138
142
137
137
136
137
137
138
137
137
133
141
139
140
139
142
137
138
140
140
139
138
142
140
139
140
142
98
101
102
136
90
89
92
91
90
89
92
90
137
134
120
89
139
136
138
137
140
141
140
139
143
141
138
137
140
140
141
138
140
141
143
141
143
143
143
140
144
143
141
141
140
141
143
141
145
144
141
141
144
143
144
146
144
145
146
144
147
146
144
144
147
144
143
148
149
149
147
146
149
149
149
146
149
147
146
149
149
150
149
144
149
145
144
147
150
149
151
147
149
147
149
147
152
149
151
149
153
149
149
153
149
153
153
151
151
149
149
148
151
152
152
152
151
153
154
150
154
152
151
152
153
154
154
154
154
154
156
154
156
152
151
151
151
152
153
151
151
149
154
154
154
155
151
152
152
153
152
153
154
152
155
153
154
154
159
155
154
155
154
155
154
154
154
151
156
155
151
154
156
154
156
153
156
156
157
155
154
157
157
157
158
155
158
155
158
155
159
157
156
157
157
157
155
155
156
157
154
154
157
155
156
154
156
155
160
157
158
155
157
155
156
155
158
156
158
161
159
155
157
157
154
154
158
157
161
157
157
157
162
160
160
160
159
157
157
157
159
156
160
162
156
157
158
157
160
158
159
157
161
162
160
160
165
162
159
157
165
161
160
159
158
161
160
160
112
117
122
121
110
107
109
109
110
109
109
108
157
157
155
139
160
157
157
155
157
157
162
157
157
163
161
157
162
157
160
159
160
157
162
160
162
161
162
161
160
161
162
158
160
157
161
160
165
163
163
157
163
162
161
161
163
161
162
163
167
164
165
161
163
163
160
160
163
165
167
164
165
164
167
165
161
166
165
161
165
163
167
165
163
163
163
160
162
165
165
165
165
163
163
164
169
167
163
167
166
167
165
164
163
163
168
167
167
165
165
163
165
165
167
167
167
165
168
168
169
169
168
165
170
167
168
168
165
166
170
169
165
170
167
166
169
165
166
166
165
163
163
166
167
167
170
164
166
165
167
167
169
167
165
169
168
165
168
171
165
167
170
167
167
168
167
167
167
169
170
164
170
169
167
169
172
169
170
170
168
167
172
169
172
170
168
169
172
169
169
171
170
169
172
170
169
166
167
168
169
165
167
169
167
168
167
167
169
171
172
169
175
169
168
168
169
170
170
170
170
170
167
169
170
165
167
170
172
172
170
169
170
173
173
171
176
171
170
169
170
170
168
171
170
166
170
168
172
171
170
169
170
171
174
171
171
173
174
169
172
174
172
171
128
168
172
171
117
120
126
128
117
117
117
119
147
112
118
115
167
168
169
163
170
170
170
167
168
167
170
173
172
168
174
171
172
171
170
170
172
169
170
171
170
171
172
172
170
170
172
171
169
170
168
171
172
173
174
172
174
171
173
170
172
171
172
172
170
175
175
173
174
171
174
170
176
173
176
176
172
174
175
176
176
170
176
173
171
171
175
176
176
171
173
171
173
171
176
173
176
173
172
171
174
177
177
172
177
173
176
173
172
171
172
177
176
175
175
173
176
173
174
175
174
174
174
177
177
176
178
173
178
177
175
176
174
172
176
178
176
171
179
175
175
176
173
173
172
173
172
171
175
173
176
177
176
172
174
173
181
176
176
172
176
174
174
174
175
170
175
177
172
173
175
174
177
173
176
175
178
176
177
173
177
179
177
176
177
173
174
177
181
178
179
173
178
177
177
173
176
177
176
178
176
174
173
173
175
175
172
172
176
173
175
173
175
173
179
177
176
180
176
173
176
173
177
176
176
176
177
173
176
175
172
171
179
178
181
174
175
175
181
179
179
182
178
175
175
174
176
173
176
173
172
173
178
177
178
176
175
174
179
180
178
176
182
180
177
176
182
178
132
130
174
178
117
117
121
126
119
117
119
117
170
149
115
115
174
171
174
173
179
174
176
173
178
171
174
174
176
176
173
179
179
176
178
173
179
177
176
173
178
175
178
176
176
175
176
176
179
173
176
172
176
176
179
178
178
178
178
177
179
176
178
176
176
173
181
179
182
179
178
178
182
179
179
181
179
176
181
178
181
178
174
180
176
173
177
177
179
181
176
176
176
176
175
180
176
179
179
176
179
177
183
181
183
181
179
180
178
176
176
176
181
179
181
178
181
179
177
178
179
176
179
177
181
181
182
181
183
181
182
178
179
176
176
178
179
178
176
183
174
176
181
175
182
174
176
173
177
176
178
177
176
179
177
176
179
184
179
177
181
177
179
176
178
177
175
177
180
173
177
178
177
179
178
178
181
181
178
179
182
180
183
179
178
181
179
176
177
183
182
180
181
179
181
178
176
176
181
179
176
177
178
175
176
176
177
173
181
178
177
177
176
176
177
181
178
179
185
176
176
178
177
178
174
177
178
179
176
176
177
172
183
181
181
181
177
176
178
182
175
179
186
179
176
176
176
178
178
176
176
172
183
179
179
179
183
176
176
181
181
179
176
183
179
177
178
183
124
124
124
173
110
109
112
113
111
107
111
109
175
169
150
107
176
173
173
173
176
181
176
177
181
178
174
172
176
176
177
173
175
179
179
179
178
179
179
176
179
178
176
178
174
176
176
176
181
178
174
174
178
176
178
179
177
177
181
178
181
179
177
178
179
176
175
181
181
181
179
177
181
181
181
178
181
178
176
179
179
181
180
173
177
173
174
176
181
177
181
176
176
176
178
175
182
176
181
177
181
178
178
183
176
181
182
178
178
176
176
173
178
178
181
179
176
180
181
176
181
177
177
177
178
179
181
181
178
181
181
181
183
177
176
173
175
176
177
173
174
172
177
178
176
180
175
173
175
176
176
176
176
173
178
174
176
177
183
177
176
179
177
176
176
175
176
171
176
176
172
173
178
173
178
174
179
177
181
177
176
179
179
181
181
175
179
176
177
173
181
179
176
179
178
178
173
173
175
177
172
171
176
173
175
172
174
173
179
177
175
173
175
172
175
173
177
173
176
180
176
171
176
173
170
170
176
174
181
173
175
173
181
179
179
177
176
173
174
173
176
172
177
181
170
171
175
173
176
173
174
171
178
178
176
176
181
179
174
173
181
176
178
173
172
176
176
173
101
107
114
115
99
93
95
96
93
96
98
96
172
169
165
137
175
172
171
169
170
171
178
171
170
178
175
169
176
170
174
173
173
170
176
174
175
173
176
173
173
173
175
171
172
168
174
171
176
176
176
169
175
173
172
172
175
172
174
175
179
176
176
172
175
173
172
169
176
178
181
174
176
175
178
175
170
176
176
172
173
173
178
174
172
171
171
169
171
175
175
176
175
170
172
171
179
176
172
175
176
176
175
173
170
171
178
176
176
171
172
170
172
171
176
173
175
171
176
176
177
176
174
171
177
173
176
176
170
172
178
176
170
178
174
170
175
169
172
171
170
167
167
171
172
171
176
168
170
169
172
170
172
171
169
173
172
169
173
178
167
170
175
171
170
169
172
170
170
171
172
165
173
172
170
172
177
173
174
174
172
169
176
173
176
173
172
173
175
171
170
176
174
171
175
172
170
168
170
169
170
165
167
170
170
168
167
168
169
173
172
169
179
170
169
168
170
171
171
171
171
170
167
169
170
163
166
169
173
173
169
169
170
173
176
173
178
171
168
168
169
169
167
171
168
163
168
169
172
171
171
168
168
173
174
170
170
175
176
167
170
175
172
171
95
165
172
169
77
77
92
96
76
75
74
75
128
71
78
75
165
165
165
155
168
169
167
165
165
164
168
171
170
165
174
170
170
169
166
167
170
167
165
170
166
169
170
171
168
167
170
169
165
165
163
168
169
171
172
169
172
170
170
167
168
169
169
169
165
173
172
170
170
169
170
165
172
169
173
173
168
171
170
172
170
163
172
169
165
167
170
173
173
166
167
165
168
165
171
169
172
169
167
166
168
173
173
167
173
170
173
167
166
163
167
173
171
169
169
167
171
165
169
169
167
169
167
171
172
171
173
168
173
171
170
171
167
164
170
172
167
164
175
168
167
169
165
167
165
165
163
161
167
165
168
171
170
165
166
167
176
167
167
163
168
167
165
168
166
161
167
170
161
165
167
165
169
165
167
167
171
167
169
165
170
172
170
168
169
165
165
171
173
170
172
165
170
170
168
164
166
169
167
169
167
163
163
164
165
164
161
160
167
165
165
162
165
163
171
168
167
173
166
163
167
163
168
164
166
165
168
162
165
163
159
160
170
169
171
163
163
163
172
169
169
173
168
163
163
163
167
161
165
162
159
162
167
167
168
163
164
163
170
169
168
163
172
169
167
165
172
167
86
83
160
166
58
58
63
77
60
60
64
57
153
117
57
57
160
157
161
157
169
162
165
161
167
160
160
162
165
163
160
168
168
166
167
161
168
167
163
160
167
162
166
165
165
162
163
165
167
159
162
157
165
163
168
167
165
167
167
165
168
163
165
162
162
160
170
167
172
166
166
165
170
167
166
169
167
163
169
166
170
165
159
168
161
157
165
165
167
168
163
163
163
163
162
167
165
167
166
161
166
164
172
169
170
167
167
168
165
161
161
161
167
167
167
165
169
168
164
163
166
162
165
163
169
167
170
169
170
169
170
163
165
162
161
164
165
162
162
170
159
163
167
159
170
159
161
157
165
162
165
163
160
165
162
160
165
171
165
163
168
162
165
161
163
161
159
162
165
156
162
162
162
165
162
163
166
166
165
164
167
166
170
165
163
165
163
160
161
169
168
167
167
163
167
163
161
161
166
162
158
161
162
157
160
158
162
156
166
162
161
160
160
160
161
167
163
163
172
161
159
161
160
163
158
162
163
163
160
160
161
155
168
165
166
167
160
157
162
167
159
164
170
163
160
158
160
161
162
159
159
154
167
163
165
163
168
159
160
165
165
165
161
168
165
161
163
169
74
75
77
156
54
51
53
56
54
48
53
49
156
146
115
42
160
156
156
156
160
165
160
161
167
162
157
155
160
159
162
156
159
164
163
162
162
163
165
160
162
162
160
162
156
160
160
159
165
162
157
157
163
160
162
165
160
161
165
162
165
162
160
161
163
158
160
168
167
167
165
161
163
166
165
162
166
162
161
164
163
165
164
156
160
157
158
160
165
162
167
158
160
159
161
157
167
160
165
162
167
162
161
167
160
167
167
164
161
159
159
155
162
164
165
163
160
165
165
159
167
161
161
162
162
163
167
166
163
167
167
165
169
161
160
156
159
160
161
158
156
155
160
162
160
164
158
157
159
160
160
159
161
157
163
157
159
160
170
161
160
163
160
160
160
159
160
155
162
160
155
157
161
157
163
157
163
162
165
160
158
164
165
167
165
158
162
157
161
157
167
164
160
163
163
163
156
156
159
161
156
154
159
157
159
155
158
157
165
161
160
157
160
156
160
157
161
157
160
166
162
155
160
157
153
153
160
157
165
156
159
157
165
165
165
162
160
157
158
157
160
155
163
168
153
156
158
155
162
157
158
155
163
163
161
161
167
163
158
157
167
161
162
157
156
160
160
159
53
65
74
71
46
42
47
46
42
41
44
43
156
152
144
107
159
155
154
153
155
157
163
156
154
163
160
153
160
155
158
157
158
155
162
159
160
157
161
159
158
158
160
155
156
152
158
157
163
162
162
153
160
157
158
157
160
156
160
160
165
161
160
157
160
159
156
155
161
163
165
160
163
160
165
160
154
162
161
157
159
158
165
159
157
157
156
153
156
161
160
161
160
156
158
157
166
162
159
160
161
162
160
157
156
156
165
163
162
157
159
155
158
157
162
160
160
157
163
160
163
162
160
157
165
158
163
162
156
159
165
164
156
164
159
155
160
154
159
156
156
153
154
157
159
157
163
153
156
155
158
155
160
157
156
158
159
156
160
165
154
155
163
157
156
156
158
155
157
157
160
151
158
157
156
159
165
159
160
160
157
155
162
160
163
160
157
159
162
157
157
163
160
157
162
160
156
152
156
155
156
151
153
156
156
155
155
153
156
160
160
157
166
156
156
155
157
157
156
157
157
157
154
155
156
149
152
155
160
161
156
155
156
162
163
160
166
157
155
153
156
156
154
159
156
149
155
153
159
157
157
154
156
160
163
159
156
162
162
155
157
163
160
157
72
152
159
157
44
42
64
67
38
41
44
41
108
33
42
40
151
151
151
139
155
155
155
151
151
151
156
158
156
151
161
157
157
157
154
155
158
154
154
157
154
155
156
157
156
154
157
156
151
151
151
155
156
159
160
157
160
157
157
155
156
155
156
155
153
161
160
157
159
155
158
153
159
157
161
162
156
159
159
160
159
151
160
157
151
155
157
160
160
153
156
152
158
153
160
156
160
156
155
154
157
163
161
155
161
157
163
155
154
151
154
161
160
157
157
155
160
155
157
157
156
156
156
159
160
160
161
155
162
160
156
159
154
153
158
161
156
152
160
155
156
157
154
155
152
152
151
150
155
154
156
159
158
153
154
155
165
155
156
151
155
155
154
155
155
149
155
157
149
153
156
153
158
153
156
155
159
155
157
153
158
160
158
156
158
153
153
158
161
158
160
153
157
157
157
154
154
157
156
157
155
152
151
152
153
153
149
149
156
153
154
151
154
153
159
157
156
162
156
152
154
153
156
153
155
153
156
150
154
152
149
148
159
156
160
152
153
153
160
158
157
162
156
152
154
152
155
151
153
151
149
151
156
155
156
153
153
152
158
157
157
153
160
157
156
153
160
155
69
71
149
155
35
36
45
59
45
41
47
33
141
105
37
42
149
146
150
147
158
152
154
151
156
147
149
151
153
152
149
157
157
154
156
150
156
154
153
149
156
151
154
154
153
151
153
153
156
147
151
146
153
152
157
155
154
155
155
154
156
153
154
152
151
149
160
155
0
0
0
0
0
0
0
0
0
0
0
0
0
0
0
0
0
0
0
0
0
0
0
0
0
0
0
0
0
0
0
0
